file: ./output/out3_shadow.txt
tp: 2182 fp: 671 fn: 694
precision: 0.764809
recall: 0.758693
Fmeasure: 0.761739

