file: ./output/out8_night.txt
tp: 14541 fp: 6348 fn: 6489
precision: 0.696108
recall: 0.691441
Fmeasure: 0.693767

